,index,Zip Code,2010 Crime count,2011 Crime count,2012 Crime count,2013 Crime count,2014 Crime count,2015 Crime count,2016 Crime count,2017 Crime count,Population,2010 Crime Rate,2011 Crime Rate,2012 Crime Rate,2013 Crime Rate,2014 Crime Rate,2015 Crime Rate,2016 Crime Rate,2017 Crime Rate,Slope of Regression,Intercept,p value
0,1,90002,5.0,5.0,5.0,7.0,6.0,7.0,8.0,155.0,51223.0,9.76124006793823,9.76124006793823,9.76124006793823,13.665736095113523,11.713488081525878,13.665736095113523,15.617984108701169,302.5984421060852,24.867921125461688,-50023.241047780815,0.12150020584759923
1,2,90003,9.0,9.0,17.0,17.0,10.0,21.0,20.0,417.0,66266.0,13.581625569673738,13.581625569673738,25.65418163160595,25.65418163160595,15.090695077415266,31.690459662572056,30.18139015483053,629.2819847282166,52.38627005445584,-105381.66523664365,0.11776601583019182
2,3,90004,1.0,1.0,1.0,2.0,1.0,7.0,24.0,97.0,62180.0,1.608234158893535,1.608234158893535,1.608234158893535,3.21646831778707,1.608234158893535,11.257639112254743,38.59761981344484,155.99871341267288,15.393098377980978,-30967.065661903234,0.05203048427675523
3,4,90005,12.0,5.0,10.0,2.0,2.0,2.0,12.0,80.0,37681.0,31.846288580451684,13.269286908521536,26.538573817043073,5.307714763408614,5.307714763408614,5.307714763408614,31.846288580451684,212.30859053634458,15.386054105833306,-30938.35342050623,0.16871284678265067
4,5,90006,1.0,5.0,4.0,3.0,9.0,8.0,30.0,120.0,59185.0,1.689617301681169,8.448086508405845,6.758469206724676,5.068851905043508,15.206555715130524,13.516938413449353,50.688519050435076,202.7540762017403,19.631743886200248,-39490.49992557637,0.05137510008833682
5,6,90007,1.0,3.0,2.0,5.0,7.0,15.0,24.0,137.0,40920.0,2.4437927663734116,7.331378299120234,4.887585532746823,12.218963831867057,17.10654936461388,36.65689149560117,58.651026392961874,334.7996089931574,31.943862589023883,-64259.70534841503,0.05683028524250512
6,9,90011,2.0,7.0,12.0,8.0,4.0,7.0,16.0,188.0,103892.0,1.9250760405036,6.7377661417626,11.5504562430216,7.7003041620144,3.8501520810072,6.7377661417626,15.4006083240288,180.9571478073384,15.217267748742746,-30610.611202475837,0.11047781785008408
7,10,90013,1.0,5.0,1.0,4.0,4.0,10.0,8.0,189.0,11772.0,8.494733265375467,42.473666326877336,8.494733265375467,33.97893306150187,33.97893306150187,84.94733265375467,67.95786612300374,1605.5045871559635,137.33152112357007,-276281.2889341942,0.1104628554829819
8,11,90014,3.0,5.0,5.0,2.0,1.0,7.0,4.0,82.0,7005.0,42.82655246252676,71.3775874375446,71.3775874375446,28.551034975017846,14.275517487508923,99.92862241256246,57.10206995003569,1170.5924339757316,93.9804901261004,-189035.21294313585,0.12986047049904115
9,14,90017,5.0,6.0,7.0,1.0,5.0,10.0,6.0,124.0,23768.0,21.036687983843823,25.24402558061259,29.451363177381353,4.207337596768765,21.036687983843823,42.073375967687646,25.24402558061259,521.7098619993268,42.373900081742555,-85233.59739385487,0.12457606713201817
10,15,90018,2.0,8.0,2.0,2.0,6.0,10.0,11.0,154.0,49310.0,4.055972419387548,16.223889677550194,4.055972419387548,4.055972419387548,12.167917258162644,20.27986209693774,22.307848306631513,312.30987629284124,26.72596112060724,-53763.29055248139,0.10476103253087365
11,16,90019,34.0,21.0,1.0,5.0,2.0,5.0,8.0,98.0,64458.0,52.747525520493966,32.579353997952154,1.551397809426293,7.756989047131465,3.102795618852586,7.756989047131465,12.411182475410344,152.03698532377672,7.239856443989368,-14543.70804761757,0.397690345235814
12,17,90020,1.0,2.0,2.0,2.0,3.0,3.0,9.0,37.0,38967.0,2.5662740267405755,5.132548053481151,5.132548053481151,5.132548053481151,7.698822080221727,7.698822080221727,23.09646624066518,94.95213898940129,8.89030644977985,-17881.705765684514,0.05608634664824691
13,20,90028,2.0,5.0,5.0,4.0,6.0,6.0,21.0,221.0,28714.0,6.9652434352580626,17.413108588145157,17.413108588145157,13.930486870516125,20.895730305774187,20.895730305774187,73.13505607020966,769.6593995960159,67.08192784671158,-134951.9232363838,0.09982238894779064
14,21,90029,5.0,5.0,8.0,7.0,6.0,1.0,20.0,165.0,38617.0,12.947665535903877,12.947665535903877,20.716264857446202,18.126731750265428,15.537198643084652,2.5895331071807752,51.790662143615506,427.2729626848279,36.160980175274396,-72739.89249738271,0.10757128668165006
15,22,90031,2.0,1.0,4.0,5.0,2.0,7.0,11.0,77.0,39316.0,5.086987486010784,2.543493743005392,10.173974972021568,12.71746871502696,5.086987486010784,17.804456201037745,27.978431173059317,195.8490182114152,17.59249838912063,-35387.840404245944,0.07709469274512676
16,24,90033,5.0,6.0,2.0,9.0,2.0,6.0,18.0,130.0,48852.0,10.234995496601982,12.281994595922377,4.093998198640793,18.422991893883566,4.093998198640793,12.281994595922377,36.84598378776713,266.10988291165154,22.9068946828711,-46077.48671400108,0.0972974933018671
17,25,90035,4.0,1.0,1.0,3.0,4.0,4.0,3.0,47.0,28418.0,14.075585896262933,3.518896474065733,3.518896474065733,10.5566894221972,14.075585896262933,14.075585896262933,10.5566894221972,165.38813428108946,13.44721152589405,-27046.48964941737,0.11748151478013426
18,27,90037,13.0,6.0,11.0,10.0,6.0,13.0,19.0,344.0,62276.0,20.87481533817201,9.63453015607939,17.663305286145548,16.057550260132317,9.63453015607939,20.87481533817201,30.5093454942514,552.3797289485516,45.57285692875647,-91676.24384842896,0.12337983740883335
19,28,90038,5.0,4.0,2.0,2.0,2.0,3.0,8.0,124.0,28917.0,17.29086696406958,13.832693571255662,6.916346785627831,6.916346785627831,6.916346785627831,10.374520178441747,27.665387142511324,428.8135007089256,35.240433622008474,-70891.7723467988,0.12665719271724044
20,31,90042,5.0,2.0,4.0,1.0,4.0,4.0,6.0,60.0,62430.0,8.008970046452026,3.20358801858081,6.40717603716162,1.601794009290405,6.40717603716162,6.40717603716162,9.61076405574243,96.10764055742432,7.780142330839112,-15648.097297544682,0.11893924005966582
21,32,90043,3.0,2.0,3.0,5.0,4.0,5.0,11.0,193.0,44789.0,6.69807318761303,4.465382125075354,6.69807318761303,11.163455312688384,8.930764250150707,11.163455312688384,24.559601687914444,430.90937506977156,36.67992459883325,-73791.95465723406,0.11279900795276016
22,33,90044,4.0,2.0,3.0,3.0,5.0,5.0,6.0,160.0,89779.0,4.455384889562147,2.2276924447810735,3.3415386671716103,3.3415386671716103,5.569231111952684,5.569231111952684,6.683077334343221,178.21539558248588,14.851282965207158,-29876.882864218434,0.12208622022776922
23,35,90047,2.0,3.0,1.0,1.0,3.0,3.0,2.0,81.0,48606.0,4.114718347529112,6.172077521293668,2.057359173764556,2.057359173764556,6.172077521293668,6.172077521293668,4.114718347529112,166.646093074929,13.61775834063206,-27394.668108777478,0.13072656393930993
24,37,90057,1.0,8.0,8.0,1.0,11.0,16.0,36.0,271.0,44998.0,2.2223209920440907,17.778567936352726,17.778567936352726,2.2223209920440907,24.445530912484998,35.55713587270545,80.00355571358728,602.2489888439486,54.60560151879766,-109850.59653444916,0.08013224207883549
25,39,90059,3.0,2.0,5.0,5.0,4.0,9.0,7.0,147.0,40952.0,7.325649540925963,4.883766360617308,12.209415901543272,12.209415901543272,9.767532721234616,21.976948622777886,17.09318226216058,358.95682750537213,30.349119526693272,-61052.39932464488,0.11142755904827037
26,40,90061,1.0,2.0,2.0,5.0,2.0,3.0,3.0,121.0,26872.0,3.721345638582912,7.442691277165824,7.442691277165824,18.60672819291456,7.442691277165824,11.164036915748735,11.164036915748735,450.2828222685323,37.434965054792386,-75310.64375735409,0.12505448371957753
27,41,90062,3.0,9.0,3.0,9.0,2.0,7.0,12.0,245.0,32821.0,9.140489320861644,27.42146796258493,9.140489320861644,27.42146796258493,6.093659547241096,21.327808415343835,36.561957283446574,746.4732945370342,62.16983609506689,-125068.51739812344,0.12204397245333208
28,48,90291,2.0,1.0,3.0,3.0,1.0,2.0,5.0,57.0,28341.0,7.05691401150277,3.528457005751385,10.585371017254154,10.585371017254154,3.528457005751385,7.05691401150277,17.642285028756923,201.12204932782896,16.80217621786374,-33798.543587365435,0.11339643353795646
29,50,90744,1.0,2.0,3.0,3.0,7.0,3.0,12.0,134.0,53815.0,1.85821796896776,3.71643593793552,5.57465390690328,5.57465390690328,13.007525782774318,5.57465390690328,22.29861562761312,249.00120784167984,21.789817850395757,-43835.4724961619,0.09744224211099445
30,53,91306,2.0,3.0,6.0,1.0,1.0,5.0,4.0,98.0,45061.0,4.438427908834691,6.657641863252037,13.315283726504074,2.2192139544173455,2.2192139544173455,11.096069772086727,8.876855817669382,217.48296753289986,17.80655006282489,-35820.200342181655,0.1275249627537698
31,58,91331,3.0,9.0,5.0,7.0,1.0,6.0,7.0,143.0,103689.0,2.893267366837369,8.679802100512108,4.822112278062282,6.750957189287196,0.9644224556124564,5.786534733674738,6.750957189287196,137.91241115258126,11.102339459252919,-22332.740443147522,0.1326164061832563
32,59,91340,5.0,3.0,5.0,8.0,2.0,10.0,6.0,121.0,34188.0,14.625014625014625,8.775008775008775,14.625014625014625,23.4000234000234,5.85000585000585,29.25002925002925,17.55001755001755,353.92535392535393,29.110743396457686,-58555.98177026749,0.11878721009511022
33,61,91343,2.0,1.0,2.0,1.0,5.0,6.0,11.0,109.0,60254.0,3.31928170743851,1.659640853719255,3.31928170743851,1.659640853719255,8.298204268596276,9.95784512231553,18.25604939091181,180.9008530553988,16.102467806918963,-32393.897579611392,0.08902245625932112
34,62,91344,2.0,2.0,1.0,1.0,1.0,2.0,7.0,59.0,51747.0,3.8649583550737243,3.8649583550737243,1.9324791775368622,1.9324791775368622,1.9324791775368622,3.8649583550737243,13.527354242758035,114.01627147467487,9.823435819145715,-19761.37102956049,0.10249992682901891
35,67,91402,5.0,11.0,3.0,8.0,10.0,4.0,7.0,150.0,69817.0,7.161579557987309,15.755475027572082,4.2969477347923855,11.458527292779696,14.323159115974619,5.729263646389848,10.026211381182234,214.84738673961928,17.05137989996978,-34297.50360977712,0.13567379557254827
36,69,91405,2.0,4.0,4.0,1.0,3.0,12.0,8.0,142.0,51145.0,3.910450679440806,7.820901358881612,7.820901358881612,1.955225339720403,5.865676019161208,23.462704076644833,15.641802717763223,277.6419982402972,23.881680935156346,-48042.749605463454,0.10436545194090288
37,70,91411,1.0,1.0,1.0,4.0,4.0,1.0,6.0,96.0,24628.0,4.060419035244437,4.060419035244437,4.060419035244437,16.24167614097775,16.24167614097775,4.060419035244437,24.36251421146662,389.80022738346594,33.353442075222155,-67099.29464720759,0.10970750427235329
38,74,91605,3.0,7.0,2.0,7.0,3.0,7.0,7.0,102.0,56343.0,5.324530110217773,12.423903590508138,3.549686740145182,12.423903590508138,5.324530110217773,12.423903590508138,12.423903590508138,181.0340237474043,14.874877768227428,-29919.95033819217,0.11715414475259471
39,75,91606,4.0,2.0,1.0,3.0,1.0,9.0,3.0,94.0,44958.0,8.897192935628809,4.448596467814404,2.224298233907202,6.672894701721607,2.224298233907202,20.01868410516482,6.672894701721607,209.08403398727702,17.397189758059906,-34996.71121618273,0.11934279094094467
